41.200047760610225, -8.666110931002212; 41.23341065031606, -8.621535302165821
41.200047760610225, -8.666110931002212; 41.14601879807409, -8.594929302168513
41.200047760610225, -8.666110931002212; 41.15457825276801, -8.619147202168257
41.200047760610225, -8.666110931002212; 41.157574895937024, -8.627837002168185
41.200047760610225, -8.666110931002212; 41.16781132356748, -8.630172602167843
41.200047760610225, -8.666110931002212; 41.18238381548179, -8.692305131002772
41.200047760610225, -8.666110931002212; 41.18461186537083, -8.682112202167307
41.200047760610225, -8.666110931002212; 41.15348959669255, -8.60474920216826
41.200047760610225, -8.666110931002212; 41.20901618641787, -8.687330002166563
41.200047760610225, -8.666110931002212; 41.16375119479458, -8.584184302167964
41.200047760610225, -8.666110931002212; 41.14795619771595, -8.615831802168463
41.200047760610225, -8.666110931002212; 41.143678677987744, -8.603381702168607
41.200047760610225, -8.666110931002212; 41.133105081245155, -8.608172602168937
41.200047760610225, -8.666110931002212; 41.141466519163245, -8.636453502168676
41.200047760610225, -8.666110931002212; 41.18999661616776, -8.497586402167155
41.200047760610225, -8.666110931002212; 41.20262338760139, -8.544967202166786
41.200047760610225, -8.666110931002212; 41.192616962902115, -8.57589350216706
41.200047760610225, -8.666110931002212; 41.17119779341708, -8.588181502167748
41.200047760610225, -8.666110931002212; 41.17148474547339, -8.61285680216776
41.200047760610225, -8.666110931002212; 41.1527678968261, -8.631064331003707
41.200047760610225, -8.666110931002212; 41.17250359317539, -8.654937102167722
41.200047760610225, -8.666110931002212; 41.1539479966077, -8.547053531003629
41.200047760610225, -8.666110931002212; 41.144293698393085, -8.575221702168568
41.200047760610225, -8.666110931002212; 41.200047760610225, -8.666110931002212
41.200047760610225, -8.666110931002212; 41.16052605020195, -8.643739731003395
41.200047760610225, -8.666110931002212; 41.167052147386066, -8.611833402167855
41.200047760610225, -8.666110931002212; 41.14838723434146, -8.607988202168457
41.200047760610225, -8.666110931002212; 41.12603448342302, -8.605956231004495
41.200047760610225, -8.666110931002212; 41.219727324644275, -8.560865702166243
41.200047760610225, -8.666110931002212; 41.197678306993055, -8.499586302166946
41.200047760610225, -8.666110931002212; 41.16116924992445, -8.53140530216806
41.200047760610225, -8.666110931002212; 41.18996023749872, -8.49788573100252
41.16052605020195, -8.643739731003395; 41.200047760610225, -8.666110931002212
41.16052605020195, -8.643739731003395; 41.167052147386066, -8.611833402167855
41.16052605020195, -8.643739731003395; 41.14838723434146, -8.607988202168457
41.16052605020195, -8.643739731003395; 41.12603448342302, -8.605956231004495
41.16052605020195, -8.643739731003395; 41.219727324644275, -8.560865702166243
41.16052605020195, -8.643739731003395; 41.197678306993055, -8.499586302166946
41.16052605020195, -8.643739731003395; 41.16116924992445, -8.53140530216806
41.16052605020195, -8.643739731003395; 41.18996023749872, -8.49788573100252
41.16052605020195, -8.643739731003395; 41.23341065031606, -8.621535302165821
41.16052605020195, -8.643739731003395; 41.14601879807409, -8.594929302168513
41.16052605020195, -8.643739731003395; 41.15457825276801, -8.619147202168257
41.16052605020195, -8.643739731003395; 41.157574895937024, -8.627837002168185
41.16052605020195, -8.643739731003395; 41.16781132356748, -8.630172602167843
41.16052605020195, -8.643739731003395; 41.18238381548179, -8.692305131002772
41.16052605020195, -8.643739731003395; 41.18461186537083, -8.682112202167307
41.16052605020195, -8.643739731003395; 41.15348959669255, -8.60474920216826
41.16052605020195, -8.643739731003395; 41.20901618641787, -8.687330002166563
41.16052605020195, -8.643739731003395; 41.180844641433595, -8.65457630216746
41.16052605020195, -8.643739731003395; 41.16375119479458, -8.584184302167964
41.16052605020195, -8.643739731003395; 41.14795619771595, -8.615831802168463
41.16052605020195, -8.643739731003395; 41.143678677987744, -8.603381702168607
41.16052605020195, -8.643739731003395; 41.133105081245155, -8.608172602168937
41.16052605020195, -8.643739731003395; 41.141466519163245, -8.636453502168676
41.16052605020195, -8.643739731003395; 41.18999661616776, -8.497586402167155
41.16052605020195, -8.643739731003395; 41.20262338760139, -8.544967202166786
41.16052605020195, -8.643739731003395; 41.192616962902115, -8.57589350216706
41.16052605020195, -8.643739731003395; 41.17119779341708, -8.588181502167748
41.16052605020195, -8.643739731003395; 41.17148474547339, -8.61285680216776
41.16052605020195, -8.643739731003395; 41.1527678968261, -8.631064331003707
41.16052605020195, -8.643739731003395; 41.17250359317539, -8.654937102167722
41.16052605020195, -8.643739731003395; 41.1539479966077, -8.547053531003629
41.16052605020195, -8.643739731003395; 41.144293698393085, -8.575221702168568
41.167052147386066, -8.611833402167855; 41.200047760610225, -8.666110931002212
41.167052147386066, -8.611833402167855; 41.16052605020195, -8.643739731003395
41.167052147386066, -8.611833402167855; 41.14838723434146, -8.607988202168457
41.167052147386066, -8.611833402167855; 41.12603448342302, -8.605956231004495
41.167052147386066, -8.611833402167855; 41.219727324644275, -8.560865702166243
41.167052147386066, -8.611833402167855; 41.16116924992445, -8.53140530216806
41.167052147386066, -8.611833402167855; 41.18996023749872, -8.49788573100252
41.167052147386066, -8.611833402167855; 41.197678306993055, -8.499586302166946
41.167052147386066, -8.611833402167855; 41.23341065031606, -8.621535302165821
41.167052147386066, -8.611833402167855; 41.14601879807409, -8.594929302168513
41.167052147386066, -8.611833402167855; 41.15457825276801, -8.619147202168257
41.167052147386066, -8.611833402167855; 41.157574895937024, -8.627837002168185
41.167052147386066, -8.611833402167855; 41.16781132356748, -8.630172602167843
41.167052147386066, -8.611833402167855; 41.18238381548179, -8.692305131002772
41.167052147386066, -8.611833402167855; 41.18461186537083, -8.682112202167307
41.167052147386066, -8.611833402167855; 41.15348959669255, -8.60474920216826
41.167052147386066, -8.611833402167855; 41.20901618641787, -8.687330002166563
41.167052147386066, -8.611833402167855; 41.180844641433595, -8.65457630216746
41.167052147386066, -8.611833402167855; 41.16375119479458, -8.584184302167964
41.167052147386066, -8.611833402167855; 41.14795619771595, -8.615831802168463
41.167052147386066, -8.611833402167855; 41.143678677987744, -8.603381702168607
41.167052147386066, -8.611833402167855; 41.133105081245155, -8.608172602168937
41.167052147386066, -8.611833402167855; 41.141466519163245, -8.636453502168676
41.167052147386066, -8.611833402167855; 41.18999661616776, -8.497586402167155
41.167052147386066, -8.611833402167855; 41.20262338760139, -8.544967202166786
41.167052147386066, -8.611833402167855; 41.192616962902115, -8.57589350216706
41.167052147386066, -8.611833402167855; 41.17119779341708, -8.588181502167748
41.167052147386066, -8.611833402167855; 41.17148474547339, -8.61285680216776
41.167052147386066, -8.611833402167855; 41.1527678968261, -8.631064331003707
41.167052147386066, -8.611833402167855; 41.17250359317539, -8.654937102167722
41.167052147386066, -8.611833402167855; 41.1539479966077, -8.547053531003629
41.167052147386066, -8.611833402167855; 41.144293698393085, -8.575221702168568
41.14838723434146, -8.607988202168457; 41.200047760610225, -8.666110931002212
41.14838723434146, -8.607988202168457; 41.16052605020195, -8.643739731003395
41.14838723434146, -8.607988202168457; 41.167052147386066, -8.611833402167855
41.14838723434146, -8.607988202168457; 41.12603448342302, -8.605956231004495
41.14838723434146, -8.607988202168457; 41.219727324644275, -8.560865702166243
41.14838723434146, -8.607988202168457; 41.16116924992445, -8.53140530216806
41.14838723434146, -8.607988202168457; 41.18996023749872, -8.49788573100252
41.14838723434146, -8.607988202168457; 41.197678306993055, -8.499586302166946
41.14838723434146, -8.607988202168457; 41.23341065031606, -8.621535302165821
41.14838723434146, -8.607988202168457; 41.14601879807409, -8.594929302168513
41.14838723434146, -8.607988202168457; 41.15457825276801, -8.619147202168257
41.14838723434146, -8.607988202168457; 41.157574895937024, -8.627837002168185
41.14838723434146, -8.607988202168457; 41.16781132356748, -8.630172602167843
41.14838723434146, -8.607988202168457; 41.18238381548179, -8.692305131002772
41.14838723434146, -8.607988202168457; 41.18461186537083, -8.682112202167307
41.14838723434146, -8.607988202168457; 41.15348959669255, -8.60474920216826
41.14838723434146, -8.607988202168457; 41.20901618641787, -8.687330002166563
41.14838723434146, -8.607988202168457; 41.180844641433595, -8.65457630216746
41.14838723434146, -8.607988202168457; 41.16375119479458, -8.584184302167964
41.14838723434146, -8.607988202168457; 41.14795619771595, -8.615831802168463
41.14838723434146, -8.607988202168457; 41.143678677987744, -8.603381702168607
41.14838723434146, -8.607988202168457; 41.133105081245155, -8.608172602168937
41.14838723434146, -8.607988202168457; 41.141466519163245, -8.636453502168676
41.14838723434146, -8.607988202168457; 41.18999661616776, -8.497586402167155
41.14838723434146, -8.607988202168457; 41.20262338760139, -8.544967202166786
41.14838723434146, -8.607988202168457; 41.192616962902115, -8.57589350216706
41.14838723434146, -8.607988202168457; 41.17119779341708, -8.588181502167748
41.14838723434146, -8.607988202168457; 41.17148474547339, -8.61285680216776
41.14838723434146, -8.607988202168457; 41.1527678968261, -8.631064331003707
41.14838723434146, -8.607988202168457; 41.17250359317539, -8.654937102167722
41.14838723434146, -8.607988202168457; 41.1539479966077, -8.547053531003629
41.14838723434146, -8.607988202168457; 41.144293698393085, -8.575221702168568
41.12603448342302, -8.605956231004495; 41.200047760610225, -8.666110931002212
41.12603448342302, -8.605956231004495; 41.16052605020195, -8.643739731003395
41.12603448342302, -8.605956231004495; 41.167052147386066, -8.611833402167855
41.12603448342302, -8.605956231004495; 41.14838723434146, -8.607988202168457
41.12603448342302, -8.605956231004495; 41.219727324644275, -8.560865702166243
41.12603448342302, -8.605956231004495; 41.16116924992445, -8.53140530216806
41.12603448342302, -8.605956231004495; 41.18996023749872, -8.49788573100252
41.12603448342302, -8.605956231004495; 41.197678306993055, -8.499586302166946
41.12603448342302, -8.605956231004495; 41.23341065031606, -8.621535302165821
41.12603448342302, -8.605956231004495; 41.14601879807409, -8.594929302168513
41.12603448342302, -8.605956231004495; 41.15457825276801, -8.619147202168257
41.12603448342302, -8.605956231004495; 41.157574895937024, -8.627837002168185
41.12603448342302, -8.605956231004495; 41.16781132356748, -8.630172602167843
41.12603448342302, -8.605956231004495; 41.18238381548179, -8.692305131002772
41.12603448342302, -8.605956231004495; 41.18461186537083, -8.682112202167307
41.12603448342302, -8.605956231004495; 41.15348959669255, -8.60474920216826
41.12603448342302, -8.605956231004495; 41.20901618641787, -8.687330002166563
41.12603448342302, -8.605956231004495; 41.180844641433595, -8.65457630216746
41.12603448342302, -8.605956231004495; 41.16375119479458, -8.584184302167964
41.12603448342302, -8.605956231004495; 41.14795619771595, -8.615831802168463
41.12603448342302, -8.605956231004495; 41.143678677987744, -8.603381702168607
41.12603448342302, -8.605956231004495; 41.133105081245155, -8.608172602168937
41.12603448342302, -8.605956231004495; 41.141466519163245, -8.636453502168676
41.12603448342302, -8.605956231004495; 41.18999661616776, -8.497586402167155
41.12603448342302, -8.605956231004495; 41.20262338760139, -8.544967202166786
41.12603448342302, -8.605956231004495; 41.192616962902115, -8.57589350216706
41.12603448342302, -8.605956231004495; 41.17119779341708, -8.588181502167748
41.12603448342302, -8.605956231004495; 41.17148474547339, -8.61285680216776
41.12603448342302, -8.605956231004495; 41.1527678968261, -8.631064331003707
41.12603448342302, -8.605956231004495; 41.17250359317539, -8.654937102167722
41.12603448342302, -8.605956231004495; 41.1539479966077, -8.547053531003629
41.12603448342302, -8.605956231004495; 41.144293698393085, -8.575221702168568
41.219727324644275, -8.560865702166243; 41.200047760610225, -8.666110931002212
41.219727324644275, -8.560865702166243; 41.16052605020195, -8.643739731003395
41.219727324644275, -8.560865702166243; 41.167052147386066, -8.611833402167855
41.219727324644275, -8.560865702166243; 41.14838723434146, -8.607988202168457
41.219727324644275, -8.560865702166243; 41.12603448342302, -8.605956231004495
41.219727324644275, -8.560865702166243; 41.16116924992445, -8.53140530216806
41.219727324644275, -8.560865702166243; 41.18996023749872, -8.49788573100252
41.219727324644275, -8.560865702166243; 41.197678306993055, -8.499586302166946
41.219727324644275, -8.560865702166243; 41.23341065031606, -8.621535302165821
41.219727324644275, -8.560865702166243; 41.14601879807409, -8.594929302168513
41.219727324644275, -8.560865702166243; 41.15457825276801, -8.619147202168257
41.219727324644275, -8.560865702166243; 41.157574895937024, -8.627837002168185
41.219727324644275, -8.560865702166243; 41.16781132356748, -8.630172602167843
41.219727324644275, -8.560865702166243; 41.18238381548179, -8.692305131002772
41.219727324644275, -8.560865702166243; 41.18461186537083, -8.682112202167307
41.219727324644275, -8.560865702166243; 41.15348959669255, -8.60474920216826
41.219727324644275, -8.560865702166243; 41.20901618641787, -8.687330002166563
41.219727324644275, -8.560865702166243; 41.180844641433595, -8.65457630216746
41.219727324644275, -8.560865702166243; 41.16375119479458, -8.584184302167964
41.219727324644275, -8.560865702166243; 41.14795619771595, -8.615831802168463
41.219727324644275, -8.560865702166243; 41.143678677987744, -8.603381702168607
41.219727324644275, -8.560865702166243; 41.133105081245155, -8.608172602168937
41.219727324644275, -8.560865702166243; 41.141466519163245, -8.636453502168676
41.219727324644275, -8.560865702166243; 41.18999661616776, -8.497586402167155
41.219727324644275, -8.560865702166243; 41.20262338760139, -8.544967202166786
41.219727324644275, -8.560865702166243; 41.192616962902115, -8.57589350216706
41.219727324644275, -8.560865702166243; 41.17119779341708, -8.588181502167748
41.219727324644275, -8.560865702166243; 41.17148474547339, -8.61285680216776
41.219727324644275, -8.560865702166243; 41.1527678968261, -8.631064331003707
41.219727324644275, -8.560865702166243; 41.17250359317539, -8.654937102167722
41.219727324644275, -8.560865702166243; 41.1539479966077, -8.547053531003629
41.219727324644275, -8.560865702166243; 41.144293698393085, -8.575221702168568
41.16116924992445, -8.53140530216806; 41.200047760610225, -8.666110931002212
41.16116924992445, -8.53140530216806; 41.16052605020195, -8.643739731003395
41.16116924992445, -8.53140530216806; 41.167052147386066, -8.611833402167855
41.16116924992445, -8.53140530216806; 41.14838723434146, -8.607988202168457
41.16116924992445, -8.53140530216806; 41.12603448342302, -8.605956231004495
41.16116924992445, -8.53140530216806; 41.219727324644275, -8.560865702166243
41.16116924992445, -8.53140530216806; 41.18996023749872, -8.49788573100252
41.16116924992445, -8.53140530216806; 41.197678306993055, -8.499586302166946
41.16116924992445, -8.53140530216806; 41.23341065031606, -8.621535302165821
41.16116924992445, -8.53140530216806; 41.14601879807409, -8.594929302168513
41.16116924992445, -8.53140530216806; 41.15457825276801, -8.619147202168257
41.16116924992445, -8.53140530216806; 41.157574895937024, -8.627837002168185
41.16116924992445, -8.53140530216806; 41.16781132356748, -8.630172602167843
41.16116924992445, -8.53140530216806; 41.18238381548179, -8.692305131002772
41.16116924992445, -8.53140530216806; 41.18461186537083, -8.682112202167307
41.16116924992445, -8.53140530216806; 41.15348959669255, -8.60474920216826
41.16116924992445, -8.53140530216806; 41.20901618641787, -8.687330002166563
41.16116924992445, -8.53140530216806; 41.180844641433595, -8.65457630216746
41.16116924992445, -8.53140530216806; 41.16375119479458, -8.584184302167964
41.16116924992445, -8.53140530216806; 41.14795619771595, -8.615831802168463
41.16116924992445, -8.53140530216806; 41.143678677987744, -8.603381702168607
41.16116924992445, -8.53140530216806; 41.133105081245155, -8.608172602168937
41.16116924992445, -8.53140530216806; 41.141466519163245, -8.636453502168676
41.16116924992445, -8.53140530216806; 41.18999661616776, -8.497586402167155
41.16116924992445, -8.53140530216806; 41.20262338760139, -8.544967202166786
41.16116924992445, -8.53140530216806; 41.192616962902115, -8.57589350216706
41.16116924992445, -8.53140530216806; 41.17119779341708, -8.588181502167748
41.16116924992445, -8.53140530216806; 41.17148474547339, -8.61285680216776
41.16116924992445, -8.53140530216806; 41.1527678968261, -8.631064331003707
41.16116924992445, -8.53140530216806; 41.17250359317539, -8.654937102167722
41.16116924992445, -8.53140530216806; 41.1539479966077, -8.547053531003629
41.16116924992445, -8.53140530216806; 41.144293698393085, -8.575221702168568
41.197678306993055, -8.499586302166946; 41.200047760610225, -8.666110931002212
41.197678306993055, -8.499586302166946; 41.16052605020195, -8.643739731003395
41.197678306993055, -8.499586302166946; 41.167052147386066, -8.611833402167855
41.197678306993055, -8.499586302166946; 41.14838723434146, -8.607988202168457
41.197678306993055, -8.499586302166946; 41.12603448342302, -8.605956231004495
41.197678306993055, -8.499586302166946; 41.219727324644275, -8.560865702166243
41.197678306993055, -8.499586302166946; 41.16116924992445, -8.53140530216806
41.197678306993055, -8.499586302166946; 41.18996023749872, -8.49788573100252
41.197678306993055, -8.499586302166946; 41.23341065031606, -8.621535302165821
41.197678306993055, -8.499586302166946; 41.14601879807409, -8.594929302168513
41.197678306993055, -8.499586302166946; 41.15457825276801, -8.619147202168257
41.197678306993055, -8.499586302166946; 41.157574895937024, -8.627837002168185
41.197678306993055, -8.499586302166946; 41.16781132356748, -8.630172602167843
41.197678306993055, -8.499586302166946; 41.18238381548179, -8.692305131002772
41.197678306993055, -8.499586302166946; 41.18461186537083, -8.682112202167307
41.197678306993055, -8.499586302166946; 41.15348959669255, -8.60474920216826
41.197678306993055, -8.499586302166946; 41.20901618641787, -8.687330002166563
41.197678306993055, -8.499586302166946; 41.180844641433595, -8.65457630216746
41.197678306993055, -8.499586302166946; 41.16375119479458, -8.584184302167964
41.197678306993055, -8.499586302166946; 41.14795619771595, -8.615831802168463
41.197678306993055, -8.499586302166946; 41.143678677987744, -8.603381702168607
41.197678306993055, -8.499586302166946; 41.133105081245155, -8.608172602168937
41.197678306993055, -8.499586302166946; 41.141466519163245, -8.636453502168676
41.197678306993055, -8.499586302166946; 41.20262338760139, -8.544967202166786
41.197678306993055, -8.499586302166946; 41.192616962902115, -8.57589350216706
41.197678306993055, -8.499586302166946; 41.17119779341708, -8.588181502167748
41.197678306993055, -8.499586302166946; 41.17148474547339, -8.61285680216776
41.197678306993055, -8.499586302166946; 41.1527678968261, -8.631064331003707
41.197678306993055, -8.499586302166946; 41.17250359317539, -8.654937102167722
41.197678306993055, -8.499586302166946; 41.1539479966077, -8.547053531003629
41.197678306993055, -8.499586302166946; 41.144293698393085, -8.575221702168568
41.18996023749872, -8.49788573100252; 41.200047760610225, -8.666110931002212
41.18996023749872, -8.49788573100252; 41.16052605020195, -8.643739731003395
41.18996023749872, -8.49788573100252; 41.167052147386066, -8.611833402167855
41.18996023749872, -8.49788573100252; 41.14838723434146, -8.607988202168457
41.18996023749872, -8.49788573100252; 41.12603448342302, -8.605956231004495
41.18996023749872, -8.49788573100252; 41.219727324644275, -8.560865702166243
41.18996023749872, -8.49788573100252; 41.16116924992445, -8.53140530216806
41.18996023749872, -8.49788573100252; 41.197678306993055, -8.499586302166946
41.18996023749872, -8.49788573100252; 41.23341065031606, -8.621535302165821
41.18996023749872, -8.49788573100252; 41.14601879807409, -8.594929302168513
41.18996023749872, -8.49788573100252; 41.15457825276801, -8.619147202168257
41.18996023749872, -8.49788573100252; 41.157574895937024, -8.627837002168185
41.18996023749872, -8.49788573100252; 41.16781132356748, -8.630172602167843
41.18996023749872, -8.49788573100252; 41.18238381548179, -8.692305131002772
41.18996023749872, -8.49788573100252; 41.18461186537083, -8.682112202167307
41.18996023749872, -8.49788573100252; 41.15348959669255, -8.60474920216826
41.18996023749872, -8.49788573100252; 41.20901618641787, -8.687330002166563
41.18996023749872, -8.49788573100252; 41.180844641433595, -8.65457630216746
41.18996023749872, -8.49788573100252; 41.16375119479458, -8.584184302167964
41.18996023749872, -8.49788573100252; 41.14795619771595, -8.615831802168463
41.18996023749872, -8.49788573100252; 41.143678677987744, -8.603381702168607
41.18996023749872, -8.49788573100252; 41.133105081245155, -8.608172602168937
41.18996023749872, -8.49788573100252; 41.141466519163245, -8.636453502168676
41.18996023749872, -8.49788573100252; 41.18999661616776, -8.497586402167155
41.18996023749872, -8.49788573100252; 41.20262338760139, -8.544967202166786
41.18996023749872, -8.49788573100252; 41.192616962902115, -8.57589350216706
41.18996023749872, -8.49788573100252; 41.17119779341708, -8.588181502167748
41.18996023749872, -8.49788573100252; 41.17148474547339, -8.61285680216776
41.18996023749872, -8.49788573100252; 41.1527678968261, -8.631064331003707
41.18996023749872, -8.49788573100252; 41.17250359317539, -8.654937102167722
41.18996023749872, -8.49788573100252; 41.1539479966077, -8.547053531003629
41.18996023749872, -8.49788573100252; 41.144293698393085, -8.575221702168568
41.14795619771595, -8.615831802168463; 41.200047760610225, -8.666110931002212
41.14795619771595, -8.615831802168463; 41.16052605020195, -8.643739731003395
41.14795619771595, -8.615831802168463; 41.167052147386066, -8.611833402167855
41.14795619771595, -8.615831802168463; 41.14838723434146, -8.607988202168457
41.14795619771595, -8.615831802168463; 41.12603448342302, -8.605956231004495
41.14795619771595, -8.615831802168463; 41.219727324644275, -8.560865702166243
41.14795619771595, -8.615831802168463; 41.197678306993055, -8.499586302166946
41.14795619771595, -8.615831802168463; 41.16116924992445, -8.53140530216806
41.14795619771595, -8.615831802168463; 41.18996023749872, -8.49788573100252
41.14795619771595, -8.615831802168463; 41.23341065031606, -8.621535302165821
41.14795619771595, -8.615831802168463; 41.14601879807409, -8.594929302168513
41.14795619771595, -8.615831802168463; 41.15457825276801, -8.619147202168257
41.14795619771595, -8.615831802168463; 41.157574895937024, -8.627837002168185
41.14795619771595, -8.615831802168463; 41.16781132356748, -8.630172602167843
41.14795619771595, -8.615831802168463; 41.18238381548179, -8.692305131002772
41.14795619771595, -8.615831802168463; 41.18461186537083, -8.682112202167307
41.14795619771595, -8.615831802168463; 41.15348959669255, -8.60474920216826
41.14795619771595, -8.615831802168463; 41.20901618641787, -8.687330002166563
41.14795619771595, -8.615831802168463; 41.180844641433595, -8.65457630216746
41.14795619771595, -8.615831802168463; 41.16375119479458, -8.584184302167964
41.14795619771595, -8.615831802168463; 41.143678677987744, -8.603381702168607
41.14795619771595, -8.615831802168463; 41.133105081245155, -8.608172602168937
41.14795619771595, -8.615831802168463; 41.141466519163245, -8.636453502168676
41.14795619771595, -8.615831802168463; 41.18999661616776, -8.497586402167155
41.14795619771595, -8.615831802168463; 41.20262338760139, -8.544967202166786
41.14795619771595, -8.615831802168463; 41.192616962902115, -8.57589350216706
41.14795619771595, -8.615831802168463; 41.17119779341708, -8.588181502167748
41.14795619771595, -8.615831802168463; 41.17148474547339, -8.61285680216776
41.14795619771595, -8.615831802168463; 41.1527678968261, -8.631064331003707 
41.14795619771595, -8.615831802168463; 41.17250359317539, -8.654937102167722
41.14795619771595, -8.615831802168463; 41.1539479966077, -8.547053531003629
41.14795619771595, -8.615831802168463; 41.144293698393085, -8.575221702168568
41.16375119479458, -8.584184302167964; 41.200047760610225, -8.666110931002212
41.16375119479458, -8.584184302167964; 41.16052605020195, -8.643739731003395
41.16375119479458, -8.584184302167964; 41.167052147386066, -8.611833402167855
41.16375119479458, -8.584184302167964; 41.14838723434146, -8.607988202168457
41.16375119479458, -8.584184302167964; 41.12603448342302, -8.605956231004495
41.16375119479458, -8.584184302167964; 41.219727324644275, -8.560865702166243
41.16375119479458, -8.584184302167964; 41.197678306993055, -8.499586302166946
41.16375119479458, -8.584184302167964; 41.16116924992445, -8.53140530216806
41.16375119479458, -8.584184302167964; 41.18996023749872, -8.49788573100252
41.16375119479458, -8.584184302167964; 41.23341065031606, -8.621535302165821
41.16375119479458, -8.584184302167964; 41.14601879807409, -8.594929302168513
41.16375119479458, -8.584184302167964; 41.15457825276801, -8.619147202168257
41.16375119479458, -8.584184302167964; 41.157574895937024, -8.627837002168185
41.16375119479458, -8.584184302167964; 41.16781132356748, -8.630172602167843
41.16375119479458, -8.584184302167964; 41.18238381548179, -8.692305131002772
41.16375119479458, -8.584184302167964; 41.18461186537083, -8.682112202167307
41.16375119479458, -8.584184302167964; 41.15348959669255, -8.60474920216826
41.16375119479458, -8.584184302167964; 41.20901618641787, -8.687330002166563
41.16375119479458, -8.584184302167964; 41.180844641433595, -8.65457630216746
41.16375119479458, -8.584184302167964; 41.14795619771595, -8.615831802168463
41.16375119479458, -8.584184302167964; 41.143678677987744, -8.603381702168607
41.16375119479458, -8.584184302167964; 41.133105081245155, -8.608172602168937
41.16375119479458, -8.584184302167964; 41.141466519163245, -8.636453502168676
41.16375119479458, -8.584184302167964; 41.18999661616776, -8.497586402167155
41.16375119479458, -8.584184302167964; 41.20262338760139, -8.544967202166786
41.16375119479458, -8.584184302167964; 41.17148474547339, -8.61285680216776
41.16375119479458, -8.584184302167964; 41.1527678968261, -8.631064331003707 
41.16375119479458, -8.584184302167964; 41.17250359317539, -8.654937102167722
41.16375119479458, -8.584184302167964; 41.1539479966077, -8.547053531003629
41.16375119479458, -8.584184302167964; 41.144293698393085, -8.575221702168568
41.180844641433595, -8.65457630216746; 41.16052605020195, -8.643739731003395
41.180844641433595, -8.65457630216746; 41.167052147386066, -8.611833402167855
41.180844641433595, -8.65457630216746; 41.14838723434146, -8.607988202168457
41.180844641433595, -8.65457630216746; 41.12603448342302, -8.605956231004495
41.180844641433595, -8.65457630216746; 41.219727324644275, -8.560865702166243
41.180844641433595, -8.65457630216746; 41.197678306993055, -8.499586302166946
41.180844641433595, -8.65457630216746; 41.16116924992445, -8.53140530216806
41.180844641433595, -8.65457630216746; 41.18996023749872, -8.49788573100252
41.180844641433595, -8.65457630216746; 41.23341065031606, -8.621535302165821
41.180844641433595, -8.65457630216746; 41.14601879807409, -8.594929302168513
41.180844641433595, -8.65457630216746; 41.15457825276801, -8.619147202168257
41.180844641433595, -8.65457630216746; 41.157574895937024, -8.627837002168185
41.180844641433595, -8.65457630216746; 41.16781132356748, -8.630172602167843
41.180844641433595, -8.65457630216746; 41.18238381548179, -8.692305131002772
41.180844641433595, -8.65457630216746; 41.18461186537083, -8.682112202167307
41.180844641433595, -8.65457630216746; 41.15348959669255, -8.60474920216826
41.180844641433595, -8.65457630216746; 41.20901618641787, -8.687330002166563
41.180844641433595, -8.65457630216746; 41.16375119479458, -8.584184302167964
41.180844641433595, -8.65457630216746; 41.14795619771595, -8.615831802168463
41.180844641433595, -8.65457630216746; 41.143678677987744, -8.603381702168607
41.180844641433595, -8.65457630216746; 41.133105081245155, -8.608172602168937
41.180844641433595, -8.65457630216746; 41.141466519163245, -8.636453502168676
41.180844641433595, -8.65457630216746; 41.18999661616776, -8.497586402167155
41.180844641433595, -8.65457630216746; 41.20262338760139, -8.544967202166786
41.180844641433595, -8.65457630216746; 41.192616962902115, -8.57589350216706
41.180844641433595, -8.65457630216746; 41.17119779341708, -8.588181502167748
41.180844641433595, -8.65457630216746; 41.17148474547339, -8.61285680216776
41.180844641433595, -8.65457630216746; 41.1527678968261, -8.631064331003707 
41.180844641433595, -8.65457630216746; 41.1539479966077, -8.547053531003629
41.180844641433595, -8.65457630216746; 41.144293698393085, -8.575221702168568
41.20901618641787, -8.687330002166563; 41.200047760610225, -8.666110931002212
41.20901618641787, -8.687330002166563; 41.16052605020195, -8.643739731003395
41.20901618641787, -8.687330002166563; 41.167052147386066, -8.611833402167855
41.20901618641787, -8.687330002166563; 41.14838723434146, -8.607988202168457
41.20901618641787, -8.687330002166563; 41.12603448342302, -8.605956231004495
41.20901618641787, -8.687330002166563; 41.219727324644275, -8.560865702166243
41.20901618641787, -8.687330002166563; 41.197678306993055, -8.499586302166946
41.20901618641787, -8.687330002166563; 41.16116924992445, -8.53140530216806
41.20901618641787, -8.687330002166563; 41.18996023749872, -8.49788573100252
41.20901618641787, -8.687330002166563; 41.23341065031606, -8.621535302165821
41.20901618641787, -8.687330002166563; 41.14601879807409, -8.594929302168513
41.20901618641787, -8.687330002166563; 41.15457825276801, -8.619147202168257
41.20901618641787, -8.687330002166563; 41.157574895937024, -8.627837002168185
41.20901618641787, -8.687330002166563; 41.16781132356748, -8.630172602167843
41.20901618641787, -8.687330002166563; 41.18238381548179, -8.692305131002772
41.20901618641787, -8.687330002166563; 41.18461186537083, -8.682112202167307
41.20901618641787, -8.687330002166563; 41.15348959669255, -8.60474920216826
41.20901618641787, -8.687330002166563; 41.180844641433595, -8.65457630216746
41.20901618641787, -8.687330002166563; 41.16375119479458, -8.584184302167964
41.20901618641787, -8.687330002166563; 41.14795619771595, -8.615831802168463
41.20901618641787, -8.687330002166563; 41.143678677987744, -8.603381702168607
41.20901618641787, -8.687330002166563; 41.133105081245155, -8.608172602168937
41.20901618641787, -8.687330002166563; 41.141466519163245, -8.636453502168676
41.20901618641787, -8.687330002166563; 41.18999661616776, -8.497586402167155
41.20901618641787, -8.687330002166563; 41.20262338760139, -8.544967202166786
41.20901618641787, -8.687330002166563; 41.192616962902115, -8.57589350216706
41.20901618641787, -8.687330002166563; 41.17119779341708, -8.588181502167748
41.20901618641787, -8.687330002166563; 41.17148474547339, -8.61285680216776
41.20901618641787, -8.687330002166563; 41.1527678968261, -8.631064331003707 
41.20901618641787, -8.687330002166563; 41.17250359317539, -8.654937102167722
41.20901618641787, -8.687330002166563; 41.1539479966077, -8.547053531003629
41.20901618641787, -8.687330002166563; 41.144293698393085, -8.575221702168568
41.15348959669255, -8.60474920216826; 41.200047760610225, -8.666110931002212
41.15348959669255, -8.60474920216826; 41.16052605020195, -8.643739731003395
41.15348959669255, -8.60474920216826; 41.167052147386066, -8.611833402167855
41.15348959669255, -8.60474920216826; 41.14838723434146, -8.607988202168457
41.15348959669255, -8.60474920216826; 41.12603448342302, -8.605956231004495
41.15348959669255, -8.60474920216826; 41.219727324644275, -8.560865702166243
41.15348959669255, -8.60474920216826; 41.197678306993055, -8.499586302166946
41.15348959669255, -8.60474920216826; 41.16116924992445, -8.53140530216806
41.15348959669255, -8.60474920216826; 41.18996023749872, -8.49788573100252
41.15348959669255, -8.60474920216826; 41.23341065031606, -8.621535302165821
41.15348959669255, -8.60474920216826; 41.14601879807409, -8.594929302168513
41.15348959669255, -8.60474920216826; 41.15457825276801, -8.619147202168257
41.15348959669255, -8.60474920216826; 41.157574895937024, -8.627837002168185
41.15348959669255, -8.60474920216826; 41.16781132356748, -8.630172602167843
41.15348959669255, -8.60474920216826; 41.18238381548179, -8.692305131002772
41.15348959669255, -8.60474920216826; 41.18461186537083, -8.682112202167307
41.15348959669255, -8.60474920216826; 41.20901618641787, -8.687330002166563
41.15348959669255, -8.60474920216826; 41.180844641433595, -8.65457630216746
41.15348959669255, -8.60474920216826; 41.16375119479458, -8.584184302167964
41.15348959669255, -8.60474920216826; 41.14795619771595, -8.615831802168463
41.15348959669255, -8.60474920216826; 41.143678677987744, -8.603381702168607
41.15348959669255, -8.60474920216826; 41.133105081245155, -8.608172602168937
41.15348959669255, -8.60474920216826; 41.141466519163245, -8.636453502168676
41.15348959669255, -8.60474920216826; 41.18999661616776, -8.497586402167155
41.15348959669255, -8.60474920216826; 41.20262338760139, -8.544967202166786
41.15348959669255, -8.60474920216826; 41.192616962902115, -8.57589350216706
41.15348959669255, -8.60474920216826; 41.17119779341708, -8.588181502167748
41.15348959669255, -8.60474920216826; 41.1527678968261, -8.631064331003707 
41.15348959669255, -8.60474920216826; 41.17250359317539, -8.654937102167722
41.15348959669255, -8.60474920216826; 41.1539479966077, -8.547053531003629
41.15348959669255, -8.60474920216826; 41.144293698393085, -8.575221702168568
41.18461186537083, -8.682112202167307; 41.16052605020195, -8.643739731003395
41.18461186537083, -8.682112202167307; 41.167052147386066, -8.611833402167855
41.18461186537083, -8.682112202167307; 41.14838723434146, -8.607988202168457
41.18461186537083, -8.682112202167307; 41.12603448342302, -8.605956231004495
41.18461186537083, -8.682112202167307; 41.219727324644275, -8.560865702166243
41.18461186537083, -8.682112202167307; 41.197678306993055, -8.499586302166946
41.18461186537083, -8.682112202167307; 41.16116924992445, -8.53140530216806
41.18461186537083, -8.682112202167307; 41.18996023749872, -8.49788573100252
41.18461186537083, -8.682112202167307; 41.23341065031606, -8.621535302165821
41.18461186537083, -8.682112202167307; 41.14601879807409, -8.594929302168513
41.18461186537083, -8.682112202167307; 41.15457825276801, -8.619147202168257
41.18461186537083, -8.682112202167307; 41.157574895937024, -8.627837002168185
41.18461186537083, -8.682112202167307; 41.16781132356748, -8.630172602167843
41.18461186537083, -8.682112202167307; 41.18238381548179, -8.692305131002772
41.18461186537083, -8.682112202167307; 41.15348959669255, -8.60474920216826
41.18461186537083, -8.682112202167307; 41.20901618641787, -8.687330002166563
41.18461186537083, -8.682112202167307; 41.180844641433595, -8.65457630216746
41.18461186537083, -8.682112202167307; 41.16375119479458, -8.584184302167964
41.18461186537083, -8.682112202167307; 41.14795619771595, -8.615831802168463
41.18461186537083, -8.682112202167307; 41.143678677987744, -8.603381702168607
41.18461186537083, -8.682112202167307; 41.133105081245155, -8.608172602168937
41.18461186537083, -8.682112202167307; 41.141466519163245, -8.636453502168676
41.18461186537083, -8.682112202167307; 41.18999661616776, -8.497586402167155
41.18461186537083, -8.682112202167307; 41.20262338760139, -8.544967202166786
41.18461186537083, -8.682112202167307; 41.192616962902115, -8.57589350216706
41.18461186537083, -8.682112202167307; 41.17119779341708, -8.588181502167748
41.18461186537083, -8.682112202167307; 41.17148474547339, -8.61285680216776
41.18461186537083, -8.682112202167307; 41.1527678968261, -8.631064331003707 
41.18461186537083, -8.682112202167307; 41.17250359317539, -8.654937102167722
41.18461186537083, -8.682112202167307; 41.1539479966077, -8.547053531003629
41.18461186537083, -8.682112202167307; 41.144293698393085, -8.575221702168568
41.18238381548179, -8.692305131002772; 41.200047760610225, -8.666110931002212
41.18238381548179, -8.692305131002772; 41.16052605020195, -8.643739731003395
41.18238381548179, -8.692305131002772; 41.167052147386066, -8.611833402167855
41.18238381548179, -8.692305131002772; 41.14838723434146, -8.607988202168457
41.18238381548179, -8.692305131002772; 41.12603448342302, -8.605956231004495
41.18238381548179, -8.692305131002772; 41.219727324644275, -8.560865702166243
41.18238381548179, -8.692305131002772; 41.197678306993055, -8.499586302166946
41.18238381548179, -8.692305131002772; 41.16116924992445, -8.53140530216806
41.18238381548179, -8.692305131002772; 41.18996023749872, -8.49788573100252
41.18238381548179, -8.692305131002772; 41.23341065031606, -8.621535302165821
41.18238381548179, -8.692305131002772; 41.14601879807409, -8.594929302168513
41.18238381548179, -8.692305131002772; 41.15457825276801, -8.619147202168257
41.18238381548179, -8.692305131002772; 41.157574895937024, -8.627837002168185
41.18238381548179, -8.692305131002772; 41.16781132356748, -8.630172602167843
41.18238381548179, -8.692305131002772; 41.18461186537083, -8.682112202167307
41.18238381548179, -8.692305131002772; 41.15348959669255, -8.60474920216826
41.18238381548179, -8.692305131002772; 41.20901618641787, -8.687330002166563
41.18238381548179, -8.692305131002772; 41.180844641433595, -8.65457630216746
41.18238381548179, -8.692305131002772; 41.16375119479458, -8.584184302167964
41.18238381548179, -8.692305131002772; 41.14795619771595, -8.615831802168463
41.18238381548179, -8.692305131002772; 41.143678677987744, -8.603381702168607
41.18238381548179, -8.692305131002772; 41.133105081245155, -8.608172602168937
41.18238381548179, -8.692305131002772; 41.141466519163245, -8.636453502168676
41.18238381548179, -8.692305131002772; 41.18999661616776, -8.497586402167155
41.18238381548179, -8.692305131002772; 41.20262338760139, -8.544967202166786
41.18238381548179, -8.692305131002772; 41.192616962902115, -8.57589350216706
41.18238381548179, -8.692305131002772; 41.17119779341708, -8.588181502167748
41.18238381548179, -8.692305131002772; 41.17148474547339, -8.61285680216776
41.18238381548179, -8.692305131002772; 41.1527678968261, -8.631064331003707 
41.18238381548179, -8.692305131002772; 41.17250359317539, -8.654937102167722
41.18238381548179, -8.692305131002772; 41.1539479966077, -8.547053531003629
41.18238381548179, -8.692305131002772; 41.144293698393085, -8.575221702168568
41.16781132356748, -8.630172602167843; 41.200047760610225, -8.666110931002212
41.16781132356748, -8.630172602167843; 41.16052605020195, -8.643739731003395
41.16781132356748, -8.630172602167843; 41.14838723434146, -8.607988202168457
41.16781132356748, -8.630172602167843; 41.12603448342302, -8.605956231004495
41.16781132356748, -8.630172602167843; 41.219727324644275, -8.560865702166243
41.16781132356748, -8.630172602167843; 41.197678306993055, -8.499586302166946
41.16781132356748, -8.630172602167843; 41.16116924992445, -8.53140530216806
41.16781132356748, -8.630172602167843; 41.18996023749872, -8.49788573100252
41.16781132356748, -8.630172602167843; 41.23341065031606, -8.621535302165821
41.16781132356748, -8.630172602167843; 41.14601879807409, -8.594929302168513
41.16781132356748, -8.630172602167843; 41.15457825276801, -8.619147202168257
41.16781132356748, -8.630172602167843; 41.157574895937024, -8.627837002168185
41.16781132356748, -8.630172602167843; 41.18238381548179, -8.692305131002772
41.16781132356748, -8.630172602167843; 41.18461186537083, -8.682112202167307
41.16781132356748, -8.630172602167843; 41.15348959669255, -8.60474920216826
41.16781132356748, -8.630172602167843; 41.20901618641787, -8.687330002166563
41.16781132356748, -8.630172602167843; 41.180844641433595, -8.65457630216746
41.16781132356748, -8.630172602167843; 41.16375119479458, -8.584184302167964
41.16781132356748, -8.630172602167843; 41.14795619771595, -8.615831802168463
41.16781132356748, -8.630172602167843; 41.143678677987744, -8.603381702168607
41.16781132356748, -8.630172602167843; 41.133105081245155, -8.608172602168937
41.16781132356748, -8.630172602167843; 41.141466519163245, -8.636453502168676
41.16781132356748, -8.630172602167843; 41.18999661616776, -8.497586402167155
41.16781132356748, -8.630172602167843; 41.20262338760139, -8.544967202166786
41.16781132356748, -8.630172602167843; 41.192616962902115, -8.57589350216706
41.16781132356748, -8.630172602167843; 41.17119779341708, -8.588181502167748
41.16781132356748, -8.630172602167843; 41.17148474547339, -8.61285680216776
41.16781132356748, -8.630172602167843; 41.1527678968261, -8.631064331003707 
41.16781132356748, -8.630172602167843; 41.17250359317539, -8.654937102167722
41.16781132356748, -8.630172602167843; 41.1539479966077, -8.547053531003629
41.16781132356748, -8.630172602167843; 41.144293698393085, -8.575221702168568
41.157574895937024, -8.627837002168185; 41.200047760610225, -8.666110931002212
41.157574895937024, -8.627837002168185; 41.16052605020195, -8.643739731003395
41.157574895937024, -8.627837002168185; 41.167052147386066, -8.611833402167855
41.157574895937024, -8.627837002168185; 41.14838723434146, -8.607988202168457
41.157574895937024, -8.627837002168185; 41.12603448342302, -8.605956231004495
41.157574895937024, -8.627837002168185; 41.219727324644275, -8.560865702166243
41.157574895937024, -8.627837002168185; 41.197678306993055, -8.499586302166946
41.157574895937024, -8.627837002168185; 41.16116924992445, -8.53140530216806
41.157574895937024, -8.627837002168185; 41.18996023749872, -8.49788573100252
41.157574895937024, -8.627837002168185; 41.23341065031606, -8.621535302165821
41.157574895937024, -8.627837002168185; 41.14601879807409, -8.594929302168513
41.157574895937024, -8.627837002168185; 41.15457825276801, -8.619147202168257
41.157574895937024, -8.627837002168185; 41.16781132356748, -8.630172602167843
41.157574895937024, -8.627837002168185; 41.18238381548179, -8.692305131002772
41.157574895937024, -8.627837002168185; 41.18461186537083, -8.682112202167307
41.157574895937024, -8.627837002168185; 41.15348959669255, -8.60474920216826
41.157574895937024, -8.627837002168185; 41.20901618641787, -8.687330002166563
41.157574895937024, -8.627837002168185; 41.180844641433595, -8.65457630216746
41.157574895937024, -8.627837002168185; 41.16375119479458, -8.584184302167964
41.157574895937024, -8.627837002168185; 41.14795619771595, -8.615831802168463
41.157574895937024, -8.627837002168185; 41.143678677987744, -8.603381702168607
41.157574895937024, -8.627837002168185; 41.133105081245155, -8.608172602168937
41.157574895937024, -8.627837002168185; 41.141466519163245, -8.636453502168676
41.157574895937024, -8.627837002168185; 41.18999661616776, -8.497586402167155
41.157574895937024, -8.627837002168185; 41.20262338760139, -8.544967202166786
41.157574895937024, -8.627837002168185; 41.192616962902115, -8.57589350216706
41.157574895937024, -8.627837002168185; 41.17119779341708, -8.588181502167748
41.157574895937024, -8.627837002168185; 41.17148474547339, -8.61285680216776
41.157574895937024, -8.627837002168185; 41.17250359317539, -8.654937102167722
41.157574895937024, -8.627837002168185; 41.1539479966077, -8.547053531003629
41.157574895937024, -8.627837002168185; 41.144293698393085, -8.575221702168568
41.15457825276801, -8.619147202168257; 41.200047760610225, -8.666110931002212
41.15457825276801, -8.619147202168257; 41.16052605020195, -8.643739731003395
41.15457825276801, -8.619147202168257; 41.167052147386066, -8.611833402167855
41.15457825276801, -8.619147202168257; 41.14838723434146, -8.607988202168457
41.15457825276801, -8.619147202168257; 41.12603448342302, -8.605956231004495
41.15457825276801, -8.619147202168257; 41.219727324644275, -8.560865702166243
41.15457825276801, -8.619147202168257; 41.197678306993055, -8.499586302166946
41.15457825276801, -8.619147202168257; 41.16116924992445, -8.53140530216806
41.15457825276801, -8.619147202168257; 41.18996023749872, -8.49788573100252
41.15457825276801, -8.619147202168257; 41.23341065031606, -8.621535302165821
41.15457825276801, -8.619147202168257; 41.14601879807409, -8.594929302168513
41.15457825276801, -8.619147202168257; 41.157574895937024, -8.627837002168185
41.15457825276801, -8.619147202168257; 41.16781132356748, -8.630172602167843
41.15457825276801, -8.619147202168257; 41.18238381548179, -8.692305131002772
41.15457825276801, -8.619147202168257; 41.18461186537083, -8.682112202167307
41.15457825276801, -8.619147202168257; 41.15348959669255, -8.60474920216826
41.15457825276801, -8.619147202168257; 41.20901618641787, -8.687330002166563
41.15457825276801, -8.619147202168257; 41.180844641433595, -8.65457630216746
41.15457825276801, -8.619147202168257; 41.16375119479458, -8.584184302167964
41.15457825276801, -8.619147202168257; 41.143678677987744, -8.603381702168607
41.15457825276801, -8.619147202168257; 41.133105081245155, -8.608172602168937
41.15457825276801, -8.619147202168257; 41.18999661616776, -8.497586402167155
41.15457825276801, -8.619147202168257; 41.20262338760139, -8.544967202166786
41.15457825276801, -8.619147202168257; 41.192616962902115, -8.57589350216706
41.15457825276801, -8.619147202168257; 41.17119779341708, -8.588181502167748
41.15457825276801, -8.619147202168257; 41.17148474547339, -8.61285680216776
41.15457825276801, -8.619147202168257; 41.1527678968261, -8.631064331003707 
41.15457825276801, -8.619147202168257; 41.17250359317539, -8.654937102167722
41.15457825276801, -8.619147202168257; 41.1539479966077, -8.547053531003629
41.15457825276801, -8.619147202168257; 41.144293698393085, -8.575221702168568
41.14601879807409, -8.594929302168513; 41.200047760610225, -8.666110931002212
41.14601879807409, -8.594929302168513; 41.16052605020195, -8.643739731003395
41.14601879807409, -8.594929302168513; 41.167052147386066, -8.611833402167855
41.14601879807409, -8.594929302168513; 41.14838723434146, -8.607988202168457
41.14601879807409, -8.594929302168513; 41.12603448342302, -8.605956231004495
41.14601879807409, -8.594929302168513; 41.219727324644275, -8.560865702166243
41.14601879807409, -8.594929302168513; 41.197678306993055, -8.499586302166946
41.14601879807409, -8.594929302168513; 41.16116924992445, -8.53140530216806
41.14601879807409, -8.594929302168513; 41.18996023749872, -8.49788573100252
41.14601879807409, -8.594929302168513; 41.23341065031606, -8.621535302165821
41.14601879807409, -8.594929302168513; 41.15457825276801, -8.619147202168257
41.14601879807409, -8.594929302168513; 41.157574895937024, -8.627837002168185
41.14601879807409, -8.594929302168513; 41.16781132356748, -8.630172602167843
41.14601879807409, -8.594929302168513; 41.18238381548179, -8.692305131002772
41.14601879807409, -8.594929302168513; 41.18461186537083, -8.682112202167307
41.14601879807409, -8.594929302168513; 41.15348959669255, -8.60474920216826
41.14601879807409, -8.594929302168513; 41.20901618641787, -8.687330002166563
41.14601879807409, -8.594929302168513; 41.180844641433595, -8.65457630216746
41.14601879807409, -8.594929302168513; 41.16375119479458, -8.584184302167964
41.14601879807409, -8.594929302168513; 41.14795619771595, -8.615831802168463
41.14601879807409, -8.594929302168513; 41.133105081245155, -8.608172602168937
41.14601879807409, -8.594929302168513; 41.141466519163245, -8.636453502168676
41.14601879807409, -8.594929302168513; 41.18999661616776, -8.497586402167155
41.14601879807409, -8.594929302168513; 41.20262338760139, -8.544967202166786
41.14601879807409, -8.594929302168513; 41.192616962902115, -8.57589350216706
41.14601879807409, -8.594929302168513; 41.17119779341708, -8.588181502167748
41.14601879807409, -8.594929302168513; 41.17148474547339, -8.61285680216776
41.14601879807409, -8.594929302168513; 41.1527678968261, -8.631064331003707 
41.14601879807409, -8.594929302168513; 41.17250359317539, -8.654937102167722
41.14601879807409, -8.594929302168513; 41.1539479966077, -8.547053531003629
41.14601879807409, -8.594929302168513; 41.144293698393085, -8.575221702168568
41.23341065031606, -8.621535302165821; 41.200047760610225, -8.666110931002212
41.23341065031606, -8.621535302165821; 41.16052605020195, -8.643739731003395
41.23341065031606, -8.621535302165821; 41.167052147386066, -8.611833402167855
41.23341065031606, -8.621535302165821; 41.14838723434146, -8.607988202168457
41.23341065031606, -8.621535302165821; 41.12603448342302, -8.605956231004495
41.23341065031606, -8.621535302165821; 41.219727324644275, -8.560865702166243
41.23341065031606, -8.621535302165821; 41.197678306993055, -8.499586302166946
41.23341065031606, -8.621535302165821; 41.16116924992445, -8.53140530216806
41.23341065031606, -8.621535302165821; 41.18996023749872, -8.49788573100252
41.23341065031606, -8.621535302165821; 41.14601879807409, -8.594929302168513
41.23341065031606, -8.621535302165821; 41.15457825276801, -8.619147202168257
41.23341065031606, -8.621535302165821; 41.157574895937024, -8.627837002168185
41.23341065031606, -8.621535302165821; 41.16781132356748, -8.630172602167843
41.23341065031606, -8.621535302165821; 41.18238381548179, -8.692305131002772
41.23341065031606, -8.621535302165821; 41.18461186537083, -8.682112202167307
41.23341065031606, -8.621535302165821; 41.15348959669255, -8.60474920216826
41.23341065031606, -8.621535302165821; 41.20901618641787, -8.687330002166563
41.23341065031606, -8.621535302165821; 41.180844641433595, -8.65457630216746
41.23341065031606, -8.621535302165821; 41.16375119479458, -8.584184302167964
41.23341065031606, -8.621535302165821; 41.14795619771595, -8.615831802168463
41.23341065031606, -8.621535302165821; 41.143678677987744, -8.603381702168607
41.23341065031606, -8.621535302165821; 41.133105081245155, -8.608172602168937
41.23341065031606, -8.621535302165821; 41.141466519163245, -8.636453502168676
41.23341065031606, -8.621535302165821; 41.18999661616776, -8.497586402167155
41.23341065031606, -8.621535302165821; 41.20262338760139, -8.544967202166786
41.23341065031606, -8.621535302165821; 41.192616962902115, -8.57589350216706
41.23341065031606, -8.621535302165821; 41.17119779341708, -8.588181502167748
41.23341065031606, -8.621535302165821; 41.17148474547339, -8.61285680216776
41.23341065031606, -8.621535302165821; 41.1527678968261, -8.631064331003707 
41.23341065031606, -8.621535302165821; 41.17250359317539, -8.654937102167722
41.23341065031606, -8.621535302165821; 41.1539479966077, -8.547053531003629
41.23341065031606, -8.621535302165821; 41.144293698393085, -8.575221702168568
41.144293698393085, -8.575221702168568; 41.200047760610225, -8.666110931002212
41.144293698393085, -8.575221702168568; 41.16052605020195, -8.643739731003395 
41.144293698393085, -8.575221702168568; 41.167052147386066, -8.611833402167855 
41.144293698393085, -8.575221702168568; 41.14838723434146, -8.607988202168457 
41.144293698393085, -8.575221702168568; 41.12603448342302, -8.605956231004495 
41.144293698393085, -8.575221702168568; 41.219727324644275, -8.560865702166243 
41.144293698393085, -8.575221702168568; 41.197678306993055, -8.499586302166946 
41.144293698393085, -8.575221702168568; 41.16116924992445, -8.53140530216806
41.144293698393085, -8.575221702168568; 41.18996023749872, -8.49788573100252
41.144293698393085, -8.575221702168568; 41.23341065031606, -8.621535302165821 
41.144293698393085, -8.575221702168568; 41.14601879807409, -8.594929302168513
41.144293698393085, -8.575221702168568; 41.15457825276801, -8.619147202168257 
41.144293698393085, -8.575221702168568; 41.157574895937024, -8.627837002168185 
41.144293698393085, -8.575221702168568; 41.16781132356748, -8.630172602167843 
41.144293698393085, -8.575221702168568; 41.18238381548179, -8.692305131002772 
41.144293698393085, -8.575221702168568; 41.18461186537083, -8.682112202167307 
41.144293698393085, -8.575221702168568; 41.15348959669255, -8.60474920216826 
41.144293698393085, -8.575221702168568; 41.20901618641787, -8.687330002166563 
41.144293698393085, -8.575221702168568; 41.180844641433595, -8.65457630216746 
41.144293698393085, -8.575221702168568; 41.16375119479458, -8.584184302167964 
41.144293698393085, -8.575221702168568; 41.14795619771595, -8.615831802168463 
41.144293698393085, -8.575221702168568; 41.143678677987744, -8.603381702168607 
41.144293698393085, -8.575221702168568; 41.133105081245155, -8.608172602168937 
41.144293698393085, -8.575221702168568; 41.141466519163245, -8.636453502168676 
41.144293698393085, -8.575221702168568; 41.18999661616776, -8.497586402167155 
41.144293698393085, -8.575221702168568; 41.20262338760139, -8.544967202166786 
41.144293698393085, -8.575221702168568; 41.192616962902115, -8.57589350216706 
41.144293698393085, -8.575221702168568; 41.17119779341708, -8.588181502167748 
41.144293698393085, -8.575221702168568; 41.17148474547339, -8.61285680216776 
41.144293698393085, -8.575221702168568; 41.1527678968261, -8.631064331003707 
41.144293698393085, -8.575221702168568; 41.17250359317539, -8.654937102167722
41.1539479966077, -8.547053531003629; 41.200047760610225, -8.666110931002212
41.1539479966077, -8.547053531003629; 41.16052605020195, -8.643739731003395 
41.1539479966077, -8.547053531003629; 41.167052147386066, -8.611833402167855 
41.1539479966077, -8.547053531003629; 41.14838723434146, -8.607988202168457 
41.1539479966077, -8.547053531003629; 41.12603448342302, -8.605956231004495 
41.1539479966077, -8.547053531003629; 41.219727324644275, -8.560865702166243 
41.1539479966077, -8.547053531003629; 41.197678306993055, -8.499586302166946 
41.1539479966077, -8.547053531003629; 41.16116924992445, -8.53140530216806
41.1539479966077, -8.547053531003629; 41.18996023749872, -8.49788573100252
41.1539479966077, -8.547053531003629; 41.23341065031606, -8.621535302165821 
41.1539479966077, -8.547053531003629; 41.14601879807409, -8.594929302168513
41.1539479966077, -8.547053531003629; 41.15457825276801, -8.619147202168257 
41.1539479966077, -8.547053531003629; 41.157574895937024, -8.627837002168185 
41.1539479966077, -8.547053531003629; 41.16781132356748, -8.630172602167843 
41.1539479966077, -8.547053531003629; 41.18238381548179, -8.692305131002772 
41.1539479966077, -8.547053531003629; 41.18461186537083, -8.682112202167307 
41.1539479966077, -8.547053531003629; 41.15348959669255, -8.60474920216826 
41.1539479966077, -8.547053531003629; 41.20901618641787, -8.687330002166563 
41.1539479966077, -8.547053531003629; 41.180844641433595, -8.65457630216746 
41.1539479966077, -8.547053531003629; 41.16375119479458, -8.584184302167964 
41.1539479966077, -8.547053531003629; 41.14795619771595, -8.615831802168463 
41.1539479966077, -8.547053531003629; 41.143678677987744, -8.603381702168607 
41.1539479966077, -8.547053531003629; 41.133105081245155, -8.608172602168937 
41.1539479966077, -8.547053531003629; 41.141466519163245, -8.636453502168676 
41.1539479966077, -8.547053531003629; 41.18999661616776, -8.497586402167155 
41.1539479966077, -8.547053531003629; 41.20262338760139, -8.544967202166786 
41.1539479966077, -8.547053531003629; 41.192616962902115, -8.57589350216706 
41.1539479966077, -8.547053531003629; 41.17119779341708, -8.588181502167748 
41.1539479966077, -8.547053531003629; 41.17148474547339, -8.61285680216776 
41.1539479966077, -8.547053531003629; 41.1527678968261, -8.631064331003707 
41.1539479966077, -8.547053531003629; 41.17250359317539, -8.654937102167722
41.17250359317539, -8.654937102167722; 41.200047760610225, -8.666110931002212
41.17250359317539, -8.654937102167722; 41.16052605020195, -8.643739731003395 
41.17250359317539, -8.654937102167722; 41.167052147386066, -8.611833402167855 
41.17250359317539, -8.654937102167722; 41.14838723434146, -8.607988202168457 
41.17250359317539, -8.654937102167722; 41.12603448342302, -8.605956231004495 
41.17250359317539, -8.654937102167722; 41.219727324644275, -8.560865702166243 
41.17250359317539, -8.654937102167722; 41.197678306993055, -8.499586302166946 
41.17250359317539, -8.654937102167722; 41.16116924992445, -8.53140530216806
41.17250359317539, -8.654937102167722; 41.18996023749872, -8.49788573100252
41.17250359317539, -8.654937102167722; 41.23341065031606, -8.621535302165821 
41.17250359317539, -8.654937102167722; 41.14601879807409, -8.594929302168513
41.17250359317539, -8.654937102167722; 41.15457825276801, -8.619147202168257 
41.17250359317539, -8.654937102167722; 41.157574895937024, -8.627837002168185 
41.17250359317539, -8.654937102167722; 41.16781132356748, -8.630172602167843 
41.17250359317539, -8.654937102167722; 41.18238381548179, -8.692305131002772 
41.17250359317539, -8.654937102167722; 41.18461186537083, -8.682112202167307 
41.17250359317539, -8.654937102167722; 41.15348959669255, -8.60474920216826 
41.17250359317539, -8.654937102167722; 41.20901618641787, -8.687330002166563 
41.17250359317539, -8.654937102167722; 41.180844641433595, -8.65457630216746 
41.17250359317539, -8.654937102167722; 41.16375119479458, -8.584184302167964 
41.17250359317539, -8.654937102167722; 41.14795619771595, -8.615831802168463 
41.17250359317539, -8.654937102167722; 41.143678677987744, -8.603381702168607 
41.17250359317539, -8.654937102167722; 41.133105081245155, -8.608172602168937 
41.17250359317539, -8.654937102167722; 41.141466519163245, -8.636453502168676 
41.17250359317539, -8.654937102167722; 41.18999661616776, -8.497586402167155 
41.17250359317539, -8.654937102167722; 41.20262338760139, -8.544967202166786 
41.17250359317539, -8.654937102167722; 41.192616962902115, -8.57589350216706 
41.17250359317539, -8.654937102167722; 41.17119779341708, -8.588181502167748 
41.17250359317539, -8.654937102167722; 41.17148474547339, -8.61285680216776 
41.17250359317539, -8.654937102167722; 41.1527678968261, -8.631064331003707 
41.17250359317539, -8.654937102167722; 41.1539479966077, -8.547053531003629 
41.17250359317539, -8.654937102167722; 41.144293698393085, -8.575221702168568
41.1527678968261, -8.631064331003707; 41.200047760610225, -8.666110931002212
41.1527678968261, -8.631064331003707; 41.16052605020195, -8.643739731003395 
41.1527678968261, -8.631064331003707; 41.167052147386066, -8.611833402167855 
41.1527678968261, -8.631064331003707; 41.14838723434146, -8.607988202168457 
41.1527678968261, -8.631064331003707; 41.12603448342302, -8.605956231004495 
41.1527678968261, -8.631064331003707; 41.219727324644275, -8.560865702166243 
41.1527678968261, -8.631064331003707; 41.197678306993055, -8.499586302166946 
41.1527678968261, -8.631064331003707; 41.16116924992445, -8.53140530216806
41.1527678968261, -8.631064331003707; 41.18996023749872, -8.49788573100252
41.1527678968261, -8.631064331003707; 41.23341065031606, -8.621535302165821 
41.1527678968261, -8.631064331003707; 41.14601879807409, -8.594929302168513
41.1527678968261, -8.631064331003707; 41.15457825276801, -8.619147202168257 
41.1527678968261, -8.631064331003707; 41.157574895937024, -8.627837002168185 
41.1527678968261, -8.631064331003707; 41.16781132356748, -8.630172602167843 
41.1527678968261, -8.631064331003707; 41.18238381548179, -8.692305131002772 
41.1527678968261, -8.631064331003707; 41.18461186537083, -8.682112202167307 
41.1527678968261, -8.631064331003707; 41.15348959669255, -8.60474920216826 
41.1527678968261, -8.631064331003707; 41.20901618641787, -8.687330002166563 
41.1527678968261, -8.631064331003707; 41.180844641433595, -8.65457630216746 
41.1527678968261, -8.631064331003707; 41.16375119479458, -8.584184302167964 
41.1527678968261, -8.631064331003707; 41.14795619771595, -8.615831802168463 
41.1527678968261, -8.631064331003707; 41.143678677987744, -8.603381702168607 
41.1527678968261, -8.631064331003707; 41.133105081245155, -8.608172602168937 
41.1527678968261, -8.631064331003707; 41.141466519163245, -8.636453502168676 
41.1527678968261, -8.631064331003707; 41.18999661616776, -8.497586402167155 
41.1527678968261, -8.631064331003707; 41.20262338760139, -8.544967202166786 
41.1527678968261, -8.631064331003707; 41.192616962902115, -8.57589350216706 
41.1527678968261, -8.631064331003707; 41.17119779341708, -8.588181502167748 
41.1527678968261, -8.631064331003707; 41.17148474547339, -8.61285680216776 
41.1527678968261, -8.631064331003707; 41.17250359317539, -8.654937102167722 
41.1527678968261, -8.631064331003707; 41.1539479966077, -8.547053531003629 
41.1527678968261, -8.631064331003707; 41.144293698393085, -8.575221702168568
41.17148474547339, -8.61285680216776; 41.200047760610225, -8.666110931002212
41.17148474547339, -8.61285680216776; 41.16052605020195, -8.643739731003395 
41.17148474547339, -8.61285680216776; 41.167052147386066, -8.611833402167855 
41.17148474547339, -8.61285680216776; 41.14838723434146, -8.607988202168457 
41.17148474547339, -8.61285680216776; 41.12603448342302, -8.605956231004495 
41.17148474547339, -8.61285680216776; 41.219727324644275, -8.560865702166243 
41.17148474547339, -8.61285680216776; 41.197678306993055, -8.499586302166946 
41.17148474547339, -8.61285680216776; 41.16116924992445, -8.53140530216806
41.17148474547339, -8.61285680216776; 41.18996023749872, -8.49788573100252
41.17148474547339, -8.61285680216776; 41.23341065031606, -8.621535302165821 
41.17148474547339, -8.61285680216776; 41.14601879807409, -8.594929302168513
41.17148474547339, -8.61285680216776; 41.15457825276801, -8.619147202168257 
41.17148474547339, -8.61285680216776; 41.157574895937024, -8.627837002168185 
41.17148474547339, -8.61285680216776; 41.16781132356748, -8.630172602167843 
41.17148474547339, -8.61285680216776; 41.18238381548179, -8.692305131002772 
41.17148474547339, -8.61285680216776; 41.18461186537083, -8.682112202167307 
41.17148474547339, -8.61285680216776; 41.15348959669255, -8.60474920216826 
41.17148474547339, -8.61285680216776; 41.20901618641787, -8.687330002166563 
41.17148474547339, -8.61285680216776; 41.180844641433595, -8.65457630216746 
41.17148474547339, -8.61285680216776; 41.16375119479458, -8.584184302167964 
41.17148474547339, -8.61285680216776; 41.14795619771595, -8.615831802168463 
41.17148474547339, -8.61285680216776; 41.143678677987744, -8.603381702168607 
41.17148474547339, -8.61285680216776; 41.133105081245155, -8.608172602168937 
41.17148474547339, -8.61285680216776; 41.141466519163245, -8.636453502168676 
41.17148474547339, -8.61285680216776; 41.18999661616776, -8.497586402167155 
41.17148474547339, -8.61285680216776; 41.20262338760139, -8.544967202166786 
41.17148474547339, -8.61285680216776; 41.192616962902115, -8.57589350216706 
41.17148474547339, -8.61285680216776; 41.17119779341708, -8.588181502167748 
41.17148474547339, -8.61285680216776; 41.1527678968261, -8.631064331003707 
41.17148474547339, -8.61285680216776; 41.17250359317539, -8.654937102167722 
41.17148474547339, -8.61285680216776; 41.1539479966077, -8.547053531003629 
41.17148474547339, -8.61285680216776; 41.144293698393085, -8.575221702168568
41.17119779341708, -8.588181502167748; 41.200047760610225, -8.666110931002212
41.17119779341708, -8.588181502167748; 41.16052605020195, -8.643739731003395 
41.17119779341708, -8.588181502167748; 41.14838723434146, -8.607988202168457 
41.17119779341708, -8.588181502167748; 41.12603448342302, -8.605956231004495 
41.17119779341708, -8.588181502167748; 41.219727324644275, -8.560865702166243 
41.17119779341708, -8.588181502167748; 41.197678306993055, -8.499586302166946 
41.17119779341708, -8.588181502167748; 41.16116924992445, -8.53140530216806
41.17119779341708, -8.588181502167748; 41.18996023749872, -8.49788573100252
41.17119779341708, -8.588181502167748; 41.23341065031606, -8.621535302165821 
41.17119779341708, -8.588181502167748; 41.14601879807409, -8.594929302168513
41.17119779341708, -8.588181502167748; 41.15457825276801, -8.619147202168257 
41.17119779341708, -8.588181502167748; 41.157574895937024, -8.627837002168185 
41.17119779341708, -8.588181502167748; 41.16781132356748, -8.630172602167843 
41.17119779341708, -8.588181502167748; 41.18238381548179, -8.692305131002772 
41.17119779341708, -8.588181502167748; 41.18461186537083, -8.682112202167307 
41.17119779341708, -8.588181502167748; 41.15348959669255, -8.60474920216826 
41.17119779341708, -8.588181502167748; 41.20901618641787, -8.687330002166563 
41.17119779341708, -8.588181502167748; 41.180844641433595, -8.65457630216746 
41.17119779341708, -8.588181502167748; 41.16375119479458, -8.584184302167964 
41.17119779341708, -8.588181502167748; 41.14795619771595, -8.615831802168463 
41.17119779341708, -8.588181502167748; 41.143678677987744, -8.603381702168607 
41.17119779341708, -8.588181502167748; 41.133105081245155, -8.608172602168937 
41.17119779341708, -8.588181502167748; 41.141466519163245, -8.636453502168676 
41.17119779341708, -8.588181502167748; 41.18999661616776, -8.497586402167155 
41.17119779341708, -8.588181502167748; 41.20262338760139, -8.544967202166786 
41.17119779341708, -8.588181502167748; 41.192616962902115, -8.57589350216706 
41.17119779341708, -8.588181502167748; 41.17148474547339, -8.61285680216776 
41.17119779341708, -8.588181502167748; 41.1527678968261, -8.631064331003707 
41.17119779341708, -8.588181502167748; 41.17250359317539, -8.654937102167722 
41.17119779341708, -8.588181502167748; 41.1539479966077, -8.547053531003629 
41.17119779341708, -8.588181502167748; 41.144293698393085, -8.575221702168568
41.192616962902115, -8.57589350216706; 41.200047760610225, -8.666110931002212
41.192616962902115, -8.57589350216706; 41.16052605020195, -8.643739731003395 
41.192616962902115, -8.57589350216706; 41.167052147386066, -8.611833402167855 
41.192616962902115, -8.57589350216706; 41.14838723434146, -8.607988202168457 
41.192616962902115, -8.57589350216706; 41.12603448342302, -8.605956231004495 
41.192616962902115, -8.57589350216706; 41.219727324644275, -8.560865702166243 
41.192616962902115, -8.57589350216706; 41.197678306993055, -8.499586302166946 
41.192616962902115, -8.57589350216706; 41.16116924992445, -8.53140530216806
41.192616962902115, -8.57589350216706; 41.18996023749872, -8.49788573100252
41.192616962902115, -8.57589350216706; 41.23341065031606, -8.621535302165821 
41.192616962902115, -8.57589350216706; 41.14601879807409, -8.594929302168513
41.192616962902115, -8.57589350216706; 41.15457825276801, -8.619147202168257 
41.192616962902115, -8.57589350216706; 41.157574895937024, -8.627837002168185 
41.192616962902115, -8.57589350216706; 41.16781132356748, -8.630172602167843 
41.192616962902115, -8.57589350216706; 41.18238381548179, -8.692305131002772 
41.192616962902115, -8.57589350216706; 41.18461186537083, -8.682112202167307 
41.192616962902115, -8.57589350216706; 41.15348959669255, -8.60474920216826 
41.192616962902115, -8.57589350216706; 41.20901618641787, -8.687330002166563 
41.192616962902115, -8.57589350216706; 41.180844641433595, -8.65457630216746 
41.192616962902115, -8.57589350216706; 41.16375119479458, -8.584184302167964 
41.192616962902115, -8.57589350216706; 41.14795619771595, -8.615831802168463 
41.192616962902115, -8.57589350216706; 41.143678677987744, -8.603381702168607 
41.192616962902115, -8.57589350216706; 41.133105081245155, -8.608172602168937 
41.192616962902115, -8.57589350216706; 41.141466519163245, -8.636453502168676 
41.192616962902115, -8.57589350216706; 41.18999661616776, -8.497586402167155 
41.192616962902115, -8.57589350216706; 41.20262338760139, -8.544967202166786 
41.192616962902115, -8.57589350216706; 41.17119779341708, -8.588181502167748 
41.192616962902115, -8.57589350216706; 41.17148474547339, -8.61285680216776 
41.192616962902115, -8.57589350216706; 41.1527678968261, -8.631064331003707 
41.192616962902115, -8.57589350216706; 41.17250359317539, -8.654937102167722 
41.192616962902115, -8.57589350216706; 41.1539479966077, -8.547053531003629 
41.192616962902115, -8.57589350216706; 41.144293698393085, -8.575221702168568
41.20262338760139, -8.544967202166786; 41.200047760610225, -8.666110931002212
41.20262338760139, -8.544967202166786; 41.16052605020195, -8.643739731003395 
41.20262338760139, -8.544967202166786; 41.167052147386066, -8.611833402167855 
41.20262338760139, -8.544967202166786; 41.14838723434146, -8.607988202168457 
41.20262338760139, -8.544967202166786; 41.12603448342302, -8.605956231004495 
41.20262338760139, -8.544967202166786; 41.219727324644275, -8.560865702166243 
41.20262338760139, -8.544967202166786; 41.197678306993055, -8.499586302166946 
41.20262338760139, -8.544967202166786; 41.16116924992445, -8.53140530216806
41.20262338760139, -8.544967202166786; 41.18996023749872, -8.49788573100252
41.20262338760139, -8.544967202166786; 41.23341065031606, -8.621535302165821 
41.20262338760139, -8.544967202166786; 41.14601879807409, -8.594929302168513
41.20262338760139, -8.544967202166786; 41.15457825276801, -8.619147202168257 
41.20262338760139, -8.544967202166786; 41.157574895937024, -8.627837002168185 
41.20262338760139, -8.544967202166786; 41.16781132356748, -8.630172602167843 
41.20262338760139, -8.544967202166786; 41.18238381548179, -8.692305131002772 
41.20262338760139, -8.544967202166786; 41.18461186537083, -8.682112202167307 
41.20262338760139, -8.544967202166786; 41.15348959669255, -8.60474920216826 
41.20262338760139, -8.544967202166786; 41.20901618641787, -8.687330002166563 
41.20262338760139, -8.544967202166786; 41.180844641433595, -8.65457630216746 
41.20262338760139, -8.544967202166786; 41.16375119479458, -8.584184302167964 
41.20262338760139, -8.544967202166786; 41.14795619771595, -8.615831802168463 
41.20262338760139, -8.544967202166786; 41.143678677987744, -8.603381702168607 
41.20262338760139, -8.544967202166786; 41.133105081245155, -8.608172602168937 
41.20262338760139, -8.544967202166786; 41.141466519163245, -8.636453502168676 
41.20262338760139, -8.544967202166786; 41.18999661616776, -8.497586402167155 
41.20262338760139, -8.544967202166786; 41.192616962902115, -8.57589350216706 
41.20262338760139, -8.544967202166786; 41.17119779341708, -8.588181502167748 
41.20262338760139, -8.544967202166786; 41.17148474547339, -8.61285680216776 
41.20262338760139, -8.544967202166786; 41.1527678968261, -8.631064331003707 
41.20262338760139, -8.544967202166786; 41.17250359317539, -8.654937102167722 
41.20262338760139, -8.544967202166786; 41.1539479966077, -8.547053531003629 
41.20262338760139, -8.544967202166786; 41.144293698393085, -8.575221702168568
41.18999661616776, -8.497586402167155; 41.200047760610225, -8.666110931002212
41.18999661616776, -8.497586402167155; 41.16052605020195, -8.643739731003395 
41.18999661616776, -8.497586402167155; 41.167052147386066, -8.611833402167855 
41.18999661616776, -8.497586402167155; 41.14838723434146, -8.607988202168457 
41.18999661616776, -8.497586402167155; 41.12603448342302, -8.605956231004495 
41.18999661616776, -8.497586402167155; 41.219727324644275, -8.560865702166243 
41.18999661616776, -8.497586402167155; 41.16116924992445, -8.53140530216806
41.18999661616776, -8.497586402167155; 41.18996023749872, -8.49788573100252
41.18999661616776, -8.497586402167155; 41.23341065031606, -8.621535302165821 
41.18999661616776, -8.497586402167155; 41.14601879807409, -8.594929302168513
41.18999661616776, -8.497586402167155; 41.15457825276801, -8.619147202168257 
41.18999661616776, -8.497586402167155; 41.157574895937024, -8.627837002168185 
41.18999661616776, -8.497586402167155; 41.16781132356748, -8.630172602167843 
41.18999661616776, -8.497586402167155; 41.18238381548179, -8.692305131002772 
41.18999661616776, -8.497586402167155; 41.18461186537083, -8.682112202167307 
41.18999661616776, -8.497586402167155; 41.15348959669255, -8.60474920216826 
41.18999661616776, -8.497586402167155; 41.20901618641787, -8.687330002166563 
41.18999661616776, -8.497586402167155; 41.180844641433595, -8.65457630216746 
41.18999661616776, -8.497586402167155; 41.16375119479458, -8.584184302167964 
41.18999661616776, -8.497586402167155; 41.14795619771595, -8.615831802168463 
41.18999661616776, -8.497586402167155; 41.143678677987744, -8.603381702168607 
41.18999661616776, -8.497586402167155; 41.133105081245155, -8.608172602168937 
41.18999661616776, -8.497586402167155; 41.141466519163245, -8.636453502168676 
41.18999661616776, -8.497586402167155; 41.20262338760139, -8.544967202166786 
41.18999661616776, -8.497586402167155; 41.192616962902115, -8.57589350216706 
41.18999661616776, -8.497586402167155; 41.17119779341708, -8.588181502167748 
41.18999661616776, -8.497586402167155; 41.17148474547339, -8.61285680216776 
41.18999661616776, -8.497586402167155; 41.1527678968261, -8.631064331003707 
41.18999661616776, -8.497586402167155; 41.17250359317539, -8.654937102167722 
41.18999661616776, -8.497586402167155; 41.1539479966077, -8.547053531003629 
41.18999661616776, -8.497586402167155; 41.144293698393085, -8.575221702168568
41.141466519163245, -8.636453502168676; 41.200047760610225, -8.666110931002212
41.141466519163245, -8.636453502168676; 41.167052147386066, -8.611833402167855 
41.141466519163245, -8.636453502168676; 41.14838723434146, -8.607988202168457 
41.141466519163245, -8.636453502168676; 41.12603448342302, -8.605956231004495 
41.141466519163245, -8.636453502168676; 41.219727324644275, -8.560865702166243 
41.141466519163245, -8.636453502168676; 41.197678306993055, -8.499586302166946 
41.141466519163245, -8.636453502168676; 41.16116924992445, -8.53140530216806
41.141466519163245, -8.636453502168676; 41.18996023749872, -8.49788573100252
41.141466519163245, -8.636453502168676; 41.23341065031606, -8.621535302165821 
41.141466519163245, -8.636453502168676; 41.14601879807409, -8.594929302168513
41.141466519163245, -8.636453502168676; 41.15457825276801, -8.619147202168257 
41.141466519163245, -8.636453502168676; 41.157574895937024, -8.627837002168185 
41.141466519163245, -8.636453502168676; 41.16781132356748, -8.630172602167843 
41.141466519163245, -8.636453502168676; 41.18238381548179, -8.692305131002772 
41.141466519163245, -8.636453502168676; 41.18461186537083, -8.682112202167307 
41.141466519163245, -8.636453502168676; 41.15348959669255, -8.60474920216826 
41.141466519163245, -8.636453502168676; 41.20901618641787, -8.687330002166563 
41.141466519163245, -8.636453502168676; 41.180844641433595, -8.65457630216746 
41.141466519163245, -8.636453502168676; 41.16375119479458, -8.584184302167964 
41.141466519163245, -8.636453502168676; 41.14795619771595, -8.615831802168463 
41.141466519163245, -8.636453502168676; 41.143678677987744, -8.603381702168607 
41.141466519163245, -8.636453502168676; 41.133105081245155, -8.608172602168937 
41.141466519163245, -8.636453502168676; 41.18999661616776, -8.497586402167155 
41.141466519163245, -8.636453502168676; 41.20262338760139, -8.544967202166786 
41.141466519163245, -8.636453502168676; 41.192616962902115, -8.57589350216706 
41.141466519163245, -8.636453502168676; 41.17119779341708, -8.588181502167748 
41.141466519163245, -8.636453502168676; 41.17148474547339, -8.61285680216776 
41.141466519163245, -8.636453502168676; 41.1527678968261, -8.631064331003707 
41.141466519163245, -8.636453502168676; 41.17250359317539, -8.654937102167722 
41.141466519163245, -8.636453502168676; 41.1539479966077, -8.547053531003629 
41.141466519163245, -8.636453502168676; 41.144293698393085, -8.575221702168568
41.133105081245155, -8.608172602168937; 41.200047760610225, -8.666110931002212
41.133105081245155, -8.608172602168937; 41.16052605020195, -8.643739731003395 
41.133105081245155, -8.608172602168937; 41.167052147386066, -8.611833402167855 
41.133105081245155, -8.608172602168937; 41.14838723434146, -8.607988202168457 
41.133105081245155, -8.608172602168937; 41.12603448342302, -8.605956231004495 
41.133105081245155, -8.608172602168937; 41.219727324644275, -8.560865702166243 
41.133105081245155, -8.608172602168937; 41.197678306993055, -8.499586302166946 
41.133105081245155, -8.608172602168937; 41.16116924992445, -8.53140530216806
41.133105081245155, -8.608172602168937; 41.18996023749872, -8.49788573100252
41.133105081245155, -8.608172602168937; 41.23341065031606, -8.621535302165821 
41.133105081245155, -8.608172602168937; 41.14601879807409, -8.594929302168513
41.133105081245155, -8.608172602168937; 41.15457825276801, -8.619147202168257 
41.133105081245155, -8.608172602168937; 41.157574895937024, -8.627837002168185 
41.133105081245155, -8.608172602168937; 41.16781132356748, -8.630172602167843 
41.133105081245155, -8.608172602168937; 41.18238381548179, -8.692305131002772 
41.133105081245155, -8.608172602168937; 41.18461186537083, -8.682112202167307 
41.133105081245155, -8.608172602168937; 41.15348959669255, -8.60474920216826 
41.133105081245155, -8.608172602168937; 41.20901618641787, -8.687330002166563 
41.133105081245155, -8.608172602168937; 41.180844641433595, -8.65457630216746 
41.133105081245155, -8.608172602168937; 41.16375119479458, -8.584184302167964 
41.133105081245155, -8.608172602168937; 41.14795619771595, -8.615831802168463 
41.133105081245155, -8.608172602168937; 41.143678677987744, -8.603381702168607 
41.133105081245155, -8.608172602168937; 41.141466519163245, -8.636453502168676 
41.133105081245155, -8.608172602168937; 41.18999661616776, -8.497586402167155 
41.133105081245155, -8.608172602168937; 41.20262338760139, -8.544967202166786 
41.133105081245155, -8.608172602168937; 41.192616962902115, -8.57589350216706 
41.133105081245155, -8.608172602168937; 41.17119779341708, -8.588181502167748 
41.133105081245155, -8.608172602168937; 41.17148474547339, -8.61285680216776 
41.133105081245155, -8.608172602168937; 41.1527678968261, -8.631064331003707 
41.133105081245155, -8.608172602168937; 41.17250359317539, -8.654937102167722 
41.133105081245155, -8.608172602168937; 41.1539479966077, -8.547053531003629 
41.133105081245155, -8.608172602168937; 41.144293698393085, -8.575221702168568
41.143678677987744, -8.603381702168607; 41.200047760610225, -8.666110931002212
41.143678677987744, -8.603381702168607; 41.16052605020195, -8.643739731003395 
41.143678677987744, -8.603381702168607; 41.167052147386066, -8.611833402167855 
41.143678677987744, -8.603381702168607; 41.14838723434146, -8.607988202168457 
41.143678677987744, -8.603381702168607; 41.12603448342302, -8.605956231004495 
41.143678677987744, -8.603381702168607; 41.219727324644275, -8.560865702166243 
41.143678677987744, -8.603381702168607; 41.197678306993055, -8.499586302166946 
41.143678677987744, -8.603381702168607; 41.16116924992445, -8.53140530216806
41.143678677987744, -8.603381702168607; 41.18996023749872, -8.49788573100252
41.143678677987744, -8.603381702168607; 41.23341065031606, -8.621535302165821 
41.143678677987744, -8.603381702168607; 41.15457825276801, -8.619147202168257 
41.143678677987744, -8.603381702168607; 41.157574895937024, -8.627837002168185 
41.143678677987744, -8.603381702168607; 41.16781132356748, -8.630172602167843 
41.143678677987744, -8.603381702168607; 41.18238381548179, -8.692305131002772 
41.143678677987744, -8.603381702168607; 41.18461186537083, -8.682112202167307 
41.143678677987744, -8.603381702168607; 41.15348959669255, -8.60474920216826 
41.143678677987744, -8.603381702168607; 41.20901618641787, -8.687330002166563 
41.143678677987744, -8.603381702168607; 41.180844641433595, -8.65457630216746 
41.143678677987744, -8.603381702168607; 41.16375119479458, -8.584184302167964 
41.143678677987744, -8.603381702168607; 41.14795619771595, -8.615831802168463 
41.143678677987744, -8.603381702168607; 41.133105081245155, -8.608172602168937 
41.143678677987744, -8.603381702168607; 41.141466519163245, -8.636453502168676 
41.143678677987744, -8.603381702168607; 41.18999661616776, -8.497586402167155 
41.143678677987744, -8.603381702168607; 41.20262338760139, -8.544967202166786 
41.143678677987744, -8.603381702168607; 41.192616962902115, -8.57589350216706 
41.143678677987744, -8.603381702168607; 41.17119779341708, -8.588181502167748 
41.143678677987744, -8.603381702168607; 41.17148474547339, -8.61285680216776 
41.143678677987744, -8.603381702168607; 41.1527678968261, -8.631064331003707 
41.143678677987744, -8.603381702168607; 41.17250359317539, -8.654937102167722 
41.143678677987744, -8.603381702168607; 41.1539479966077, -8.547053531003629 
41.143678677987744, -8.603381702168607; 41.144293698393085, -8.575221702168568